          1          0          0
          2          1          1
          3          3          4
          4          6          9
          5         10         13
          6         16         22
          7         21         29
          8         28         41
          9         37         55
         10         44         63
         11         54         81
         12         66        101
         13         77        115
         14         90        137
         15        103        154
         16        119        182
         17        134        207
         18        146        225
         19        166        253
         20        187        285
         21        206        315
         22        228        344
         23        247        387
         24        263        397
         25        295        460
         26        311        471
         27        339        513
         28        364        562
         29        399        609
         30        422        644
         31        451        689
         32        482        741
         33        513        796
         34        549        843
         35        574        872
         36        619        968
         37        641        995
         38        678       1042
         39        719       1093
         40        760       1180
         41        801       1237
         42        835       1286
         43        871       1360
         44        921       1408
         45        968       1487
         46       1010       1540
         47       1060       1644
         48       1106       1727
         49       1146       1779
         50       1180       1827
         51       1242       1888
         52       1297       2016
         53       1349       2041
         54       1394       2117
         55       1448       2216
         56       1509       2350
         57       1564       2438
         58       1617       2487
         59       1665       2593
         60       1711       2622
         61       1775       2751
         62       1846       2846
         63       1914       2929
         64       1978       3009
         65       2032       3120
         66       2091       3252
         67       2156       3347
         68       2232       3459
         69       2293       3503
         70       2354       3566
         71       2423       3757
         72       2502       3821
         73       2584       3943
         74       2639       4039
         75       2715       4148
         76       2797       4290
         77       2860       4412
         78       2938       4508
         79       3022       4619
         80       3075       4732
         81       3158       4857
         82       3250       4960
         83       3345       5126
         84       3434       5321
         85       3501       5356
         86       3584       5493
         87       3669       5691
         88       3751       5724
         89       3846       5949
         90       3937       6023
         91       4029       6174
         92       4084       6273
         93       4187       6464
         94       4286       6610
         95       4399       6734
         96       4450       6857
         97       4574       6956
         98       4674       7157
         99       4744       7178
        100       4871       7418
        101       4957       7521
        102       5063       7708
        103       5143       7896
        104       5262       8060
        105       5344       8123
        106       5471       8338
        107       5567       8615
        108       5657       8697
        109       5798       8886
        110       5871       8935
        111       6007       9117
        112       6085       9348
        113       6223       9502
        114       6340       9685
        115       6435       9819
        116       6553      10055
        117       6666      10261
        118       6770      10391
        119       6862      10443
        120       7016      10643
        121       7150      11015
        122       7231      11048
        123       7370      11346
        124       7496      11530
        125       7597      11600
        126       7726      11786
        127       7855      11971
        128       8008      12227
        129       8140      12428
        130       8270      12589
        131       8400      12692
        132       8505      13050
        133       8645      13070
        134       8745      13197
        135       8904      13575
        136       9014      13778
        137       9173      14109
        138       9309      14230
        139       9473      14434
        140       9593      14663
        141       9687      14727
        142       9849      15067
        143      10025      15338
        144      10137      15408
        145      10282      15765
        146      10451      16034
        147      10549      16103
        148      10704      16202
        149      10884      16462
        150      11018      16747
        151      11185      16857
        152      11256      17067
        153      11455      17326
        154      11628      17907
        155      11756      18004
        156      11937      18205
        157      12080      18390
        158      12198      18597
        159      12354      18844
        160      12511      19077
        161      12667      19188
        162      12857      19778
        163      12994      19791
        164      13158      20095
        165      13319      20429
        166      13476      20530
        167      13656      21070
        168      13842      21004
        169      14028      21320
        170      14194      21550
        171      14350      21717
        172      14504      22103
        173      14689      22287
        174      14897      22623
        175      15017      22849
        176      15211      23071
        177      15400      23407
        178      15532      23709
        179      15705      23996
        180      15844      23839
        181      16105      24405
        182      16235      24451
        183      16433      25034
        184      16619      25402
        185      16768      25498
        186      16987      25708
        187      17196      26263
        188      17405      26381
        189      17493      26281
        190      17744      26969
        191      17875      27331
        192      18077      27570
        193      18288      27792
        194      18432      27988
        195      18664      28027
        196      18935      28662
        197      19063      28988
        198      19260      29064
        199      19435      29366
        200      19681      29870
        201      19885      30258
        202      20059      30704
        203      20231      30486
        204      20499      31331
        205      20638      31337
        206      20847      31859
        207      21112      31768
        208      21244      32444
        209      21513      32599
        210      21663      32781
        211      21862      33367
        212      22125      33656
        213      22374      33773
        214      22496      34200
        215      22718      34245
        216      22916      34549
        217      23126      35148
        218      23353      35689
        219      23556      35572
        220      23775      36191
        221      23967      36095
        222      24278      36978
        223      24476      37457
        224      24651      37305
        225      24935      37760
        226      25098      37952
        227      25370      38769
        228      25559      38732
        229      25773      39311
        230      25988      39562
        231      26276      39986
        232      26542      40334
        233      26653      40719
        234      26949      40953
        235      27135      41216
        236      27345      41516
        237      27668      41709
        238      27784      42186
        239      28136      42443
        240      28407      42787
        241      28597      43451
        242      28806      43817
        243      29056      44286
        244      29266      44450
        245      29544      44793
        246      29794      45496
        247      30014      45315
        248      30286      45972
        249      30552      46398
        250      30812      47092
        251      31069      47104
        252      31289      47217
        253      31543      47792
        254      31746      47983
        255      32053      48919
        256      32261      48850
        257      32520      49211
        258      32845      49909
        259      33039      50274
        260      33334      50492
        261      33529      50762
        262      33796      51139
        263      34125      51922
        264      34287      51692
        265      34595      52258
        266      34936      52994
        267      35074      53022
        268      35363      53906
        269      35655      54143
        270      35969      54645
        271      36163      54871
        272      36522      55444
        273      36736      55533
        274      37028      56109
        275      37216      56651
        276      37487      56822
        277      37752      57321
        278      38077      57731
        279      38309      58137
        280      38659      58812
        281      38948      59376
        282      39201      59674
        283      39526      60073
        284      39729      59924
        285      40141      60796
        286      40295      60874
        287      40518      61286
        288      40924      62097
        289      41245      62355
        290      41461      62854
        291      41751      63308
        292      42089      64175
        293      42253      63944
        294      42650      64825
        295      42845      65429
        296      43274      65416
        297      43534      65983
        298      43885      66048
        299      44195      66671
        300      44414      66922
