          1          0          0
          2          1          3
          3          4          8
          4          8         14
          5         13         21
          6         19         29
          7         26         38
          8         33         47
          9         43         59
         10         54         72
         11         65         85
         12         75         97
         13         90        114
         14        100        126
         15        119        147
         16        137        167
         17        151        183
         18        167        201
         19        187        223
         20        209        247
         21        228        268
         22        255        297
         23        268        312
         24        302        348
         25        324        372
         26        349        399
         27        371        423
         28        395        449
         29        433        489
         30        455        513
         31        498        558
         32        518        580
         33        556        620
         34        600        666
         35        622        690
         36        686        756
         37        698        770
         38        755        829
         39        775        851
         40        827        905
         41        860        940
         42        899        981
         43        935       1019
         44        991       1077
         45       1037       1125
         46       1104       1194
         47       1128       1220
         48       1160       1254
         49       1214       1310
         50       1278       1376
         51       1333       1433
         52       1390       1492
         53       1432       1536
         54       1496       1602
         55       1554       1662
         56       1610       1720
         57       1637       1749
         58       1717       1831
         59       1766       1882
         60       1828       1946
         61       1906       2026
         62       1957       2079
         63       2019       2143
         64       2087       2213
         65       2162       2290
         66       2203       2333
         67       2308       2440
         68       2367       2501
         69       2450       2586
         70       2523       2661
         71       2549       2689
         72       2643       2785
         73       2719       2863
         74       2777       2923
         75       2842       2990
         76       2887       3037
         77       3043       3195
         78       3082       3236
         79       3171       3327
         80       3231       3389
         81       3354       3514
         82       3427       3589
         83       3476       3640
         84       3573       3739
         85       3628       3796
         86       3703       3873
         87       3872       4044
         88       3934       4108
         89       4021       4197
         90       4138       4316
         91       4225       4405
         92       4263       4445
         93       4373       4557
         94       4443       4629
         95       4562       4750
         96       4652       4842
         97       4716       4908
         98       4861       5055
         99       4938       5134
        100       5032       5230
        101       5204       5404
        102       5245       5447
        103       5365       5569
        104       5483       5689
        105       5601       5809
        106       5638       5848
        107       5757       5969
        108       5943       6157
        109       5970       6186
        110       6147       6365
        111       6218       6438
        112       6377       6599
        113       6439       6663
        114       6537       6763
        115       6683       6911
        116       6844       7074
        117       6892       7124
        118       7089       7323
        119       7196       7432
        120       7204       7442
        121       7334       7574
        122       7506       7748
        123       7663       7907
        124       7767       8013
        125       7848       8096
        126       8056       8306
        127       8161       8413
        128       8301       8555
        129       8304       8560
        130       8627       8885
        131       8673       8933
        132       8792       9054
        133       8907       9171
        134       9080       9346
        135       9146       9414
        136       9276       9546
        137       9351       9623
        138       9577       9851
        139       9725      10001
        140       9818      10096
        141      10014      10294
        142      10125      10407
        143      10325      10609
        144      10493      10779
        145      10511      10799
        146      10749      11039
        147      10947      11239
        148      10999      11293
        149      11262      11558
        150      11220      11518
        151      11453      11753
        152      11665      11967
        153      11772      12076
        154      11925      12231
        155      12068      12376
        156      12183      12493
        157      12472      12784
        158      12566      12880
        159      12535      12851
        160      12831      13149
        161      13049      13369
        162      13134      13456
        163      13340      13664
        164      13522      13848
        165      13826      14154
        166      13868      14198
        167      13943      14275
        168      14092      14426
        169      14386      14722
        170      14515      14853
        171      14645      14985
        172      14883      15225
        173      15052      15396
        174      15332      15678
        175      15224      15572
        176      15750      16100
        177      15804      16156
        178      15849      16203
        179      16108      16464
        180      16293      16651
        181      16618      16978
        182      16725      17087
        183      16859      17223
        184      17021      17387
        185      17318      17686
        186      17377      17747
        187      17568      17940
        188      17866      18240
        189      17874      18250
        190      18186      18564
        191      18447      18827
        192      18592      18974
        193      18857      19241
        194      19001      19387
        195      19249      19637
        196      19152      19542
        197      19497      19889
        198      19954      20348
        199      19776      20172
        200      20076      20474
        201      20396      20796
        202      20483      20885
        203      20744      21148
        204      20823      21229
        205      21186      21594
        206      21301      21711
        207      21610      22022
        208      21893      22307
        209      21945      22361
        210      22310      22728
        211      22441      22861
        212      22721      23143
        213      22820      23244
        214      22993      23419
        215      23185      23613
        216      23523      23953
        217      23603      24035
        218      23998      24432
        219      24038      24474
        220      24354      24792
        221      24581      25021
        222      24915      25357
        223      24947      25391
        224      25297      25743
        225      25472      25920
        226      25684      26134
        227      25750      26202
        228      25968      26422
        229      26499      26955
        230      26537      26995
        231      26805      27265
        232      27243      27705
        233      27269      27733
        234      27558      28024
        235      27594      28062
        236      27901      28371
        237      28233      28705
        238      28406      28880
        239      28562      29038
        240      28837      29315
        241      28989      29469
        242      29572      30054
        243      29445      29929
        244      29893      30379
        245      30155      30643
        246      30435      30925
        247      30624      31116
        248      30913      31407
        249      30908      31404
        250      31766      32264
        251      31853      32353
        252      31936      32438
        253      32225      32729
        254      32418      32924
        255      32644      33152
        256      32772      33282
        257      33150      33662
        258      33336      33850
        259      33566      34082
        260      33954      34472
        261      33938      34458
        262      34641      35163
        263      34655      35179
        264      35079      35605
        265      35534      36062
        266      35574      36104
        267      35781      36313
        268      36008      36542
        269      36367      36903
        270      36640      37178
        271      36746      37286
        272      37381      37923
        273      37550      38094
        274      37735      38281
        275      37949      38497
        276      38130      38680
        277      38091      38643
        278      38495      39049
        279      39151      39707
        280      39217      39775
        281      39636      40196
        282      39795      40357
        283      40487      41051
        284      40622      41188
        285      40861      41429
        286      41187      41757
        287      41207      41779
        288      41482      42056
        289      41786      42362
        290      42132      42710
        291      42350      42930
        292      42989      43571
        293      43258      43842
        294      43405      43991
        295      43938      44526
        296      44057      44647
        297      44287      44879
        298      44613      45207
        299      44891      45487
        300      45125      45723
