          1          0          0
          2          3          3
          3          6          7
          4         11         12
          5         15         17
          6         21         23
          7         28         31
          8         35         37
          9         40         43
         10         48         51
         11         57         60
         12         62         67
         13         73         76
         14         82         87
         15         88         92
         16         97        103
         17        107        113
         18        115        121
         19        128        133
         20        139        144
         21        143        152
         22        155        163
         23        163        169
         24        176        182
         25        186        194
         26        200        207
         27        209        218
         28        219        226
         29        233        239
         30        240        249
         31        250        259
         32        258        267
         33        270        283
         34        275        287
         35        300        308
         36        305        319
         37        322        332
         38        325        340
         39        341        356
         40        352        365
         41        372        383
         42        375        390
         43        386        400
         44        401        419
         45        404        424
         46        415        433
         47        427        444
         48        453        467
         49        460        476
         50        474        489
         51        498        517
         52        500        515
         53        523        542
         54        526        541
         55        540        556
         56        535        560
         57        554        574
         58        565        592
         59        594        612
         60        599        622
         61        607        630
         62        641        655
         63        634        653
         64        649        679
         65        661        682
         66        676        698
         67        698        718
         68        714        740
         69        732        751
         70        739        764
         71        755        773
         72        772        795
         73        769        798
         74        791        819
         75        813        836
         76        830        844
         77        831        857
         78        871        890
         79        863        893
         80        873        906
         81        901        925
         82        915        940
         83        902        932
         84        945        969
         85        946        976
         86        958        986
         87        963       1000
         88       1005       1031
         89        991       1032
         90       1018       1054
         91       1023       1052
         92       1057       1081
         93       1064       1094
         94       1084       1119
         95       1096       1130
         96       1090       1133
         97       1113       1147
         98       1155       1190
         99       1159       1196
        100       1166       1192
        101       1174       1210
        102       1207       1239
        103       1212       1250
        104       1215       1254
        105       1247       1275
        106       1260       1290
        107       1275       1312
        108       1280       1320
        109       1292       1335
        110       1307       1340
        111       1332       1369
        112       1371       1390
        113       1354       1394
        114       1383       1412
        115       1409       1444
        116       1407       1442
        117       1412       1457
        118       1429       1480
        119       1466       1499
        120       1491       1524
        121       1484       1528
        122       1472       1521
        123       1500       1538
        124       1544       1582
        125       1541       1585
        126       1568       1617
        127       1594       1649
        128       1607       1645
        129       1620       1652
        130       1638       1678
        131       1631       1679
        132       1695       1724
        133       1670       1713
        134       1692       1740
        135       1720       1761
        136       1736       1774
        137       1763       1805
        138       1734       1798
        139       1755       1807
        140       1775       1824
        141       1787       1825
        142       1794       1857
        143       1841       1891
        144       1862       1919
        145       1879       1921
        146       1903       1950
        147       1894       1950
        148       1904       1956
        149       1939       1984
        150       1980       2034
        151       1973       2017
        152       1953       2018
        153       2011       2051
        154       1979       2027
        155       2000       2055
        156       2009       2062
        157       2078       2134
        158       2081       2127
        159       2114       2167
        160       2115       2172
        161       2107       2167
        162       2183       2223
        163       2138       2195
        164       2183       2231
        165       2191       2238
        166       2224       2278
        167       2221       2277
        168       2259       2311
        169       2306       2343
        170       2274       2319
        171       2269       2324
        172       2304       2367
        173       2351       2394
        174       2345       2399
        175       2383       2417
        176       2379       2445
        177       2414       2463
        178       2457       2521
        179       2429       2497
        180       2425       2495
        181       2509       2563
        182       2510       2556
        183       2558       2603
        184       2519       2588
        185       2551       2594
        186       2548       2603
        187       2514       2580
        188       2577       2626
        189       2538       2605
        190       2633       2698
        191       2608       2661
        192       2646       2710
        193       2645       2708
        194       2722       2771
        195       2648       2716
        196       2720       2780
        197       2708       2779
        198       2744       2834
        199       2781       2846
        200       2795       2859
        201       2764       2844
        202       2831       2905
        203       2815       2896
        204       2854       2928
        205       2855       2920
        206       2919       2991
        207       2897       2965
        208       2886       2974
        209       2965       3040
        210       2952       3016
        211       2939       2999
        212       2942       3026
        213       3001       3052
        214       3055       3126
        215       3082       3128
        216       3068       3146
        217       3044       3128
        218       3104       3182
        219       3135       3201
        220       3151       3232
        221       3173       3231
        222       3148       3194
        223       3197       3268
        224       3196       3260
        225       3216       3285
        226       3238       3320
        227       3190       3273
        228       3271       3362
        229       3250       3330
        230       3255       3358
        231       3280       3364
        232       3332       3413
        233       3387       3468
        234       3370       3443
        235       3438       3497
        236       3434       3499
        237       3405       3464
        238       3431       3500
        239       3472       3524
        240       3479       3551
        241       3506       3578
        242       3517       3594
        243       3515       3601
        244       3607       3659
        245       3567       3639
        246       3605       3677
        247       3516       3626
        248       3624       3725
        249       3620       3720
        250       3658       3736
        251       3683       3752
        252       3737       3816
        253       3712       3805
        254       3703       3785
        255       3741       3847
        256       3770       3856
        257       3786       3880
        258       3817       3888
        259       3809       3889
        260       3840       3919
        261       3832       3922
        262       3867       3971
        263       3870       3953
        264       3885       3978
        265       3933       4016
        266       3985       4050
        267       3950       4028
        268       4024       4086
        269       4045       4126
        270       4019       4100
        271       4030       4119
        272       4076       4155
        273       4054       4163
        274       4114       4172
        275       4154       4241
        276       4093       4207
        277       4193       4265
        278       4244       4306
        279       4162       4252
        280       4180       4299
        281       4208       4313
        282       4268       4334
        283       4199       4315
        284       4299       4392
        285       4289       4368
        286       4293       4386
        287       4288       4405
        288       4356       4453
        289       4384       4486
        290       4541       4580
        291       4331       4442
        292       4444       4538
        293       4454       4555
        294       4491       4596
        295       4535       4613
        296       4465       4558
        297       4494       4590
        298       4443       4585
        299       4509       4605
        300       4523       4657
