          1          0          0
          2          4          4
          3          8         10
          4         18         19
          5         26         28
          6         31         35
          7         40         47
          8         63         66
          9         76         79
         10         83         90
         11         95        102
         12        107        123
         13        119        136
         14        127        146
         15        140        160
         16        187        198
         17        206        219
         18        213        224
         19        230        242
         20        243        262
         21        261        283
         22        272        297
         23        288        315
         24        313        361
         25        333        384
         26        338        386
         27        352        399
         28        365        420
         29        376        424
         30        389        443
         31        403        455
         32        529        584
         33        542        589
         34        546        586
         35        566        608
         36        578        622
         37        597        638
         38        609        653
         39        631        677
         40        667        739
         41        685        756
         42        689        754
         43        709        772
         44        726        800
         45        750        826
         46        759        834
         47        781        857
         48        874       1039
         49        891       1051
         50        880       1018
         51        907       1053
         52        900       1031
         53        921       1053
         54        926       1052
         55        951       1084
         56        976       1121
         57        996       1142
         58       1002       1146
         59       1024       1169
         60       1038       1187
         61       1054       1199
         62       1068       1216
         63       1084       1229
         64       1393       1589
         65       1426       1633
         66       1380       1529
         67       1419       1582
         68       1398       1526
         69       1425       1558
         70       1433       1561
         71       1463       1596
         72       1491       1639
         73       1520       1671
         74       1518       1654
         75       1544       1686
         76       1554       1689
         77       1586       1730
         78       1597       1737
         79       1622       1767
         80       1735       1976
         81       1767       2017
         82       1753       1977
         83       1769       1986
         84       1766       1964
         85       1789       1986
         86       1799       1995
         87       1825       2024
         88       1871       2096
         89       1900       2133
         90       1891       2106
         91       1913       2121
         92       1926       2134
         93       1955       2165
         94       1973       2194
         95       1986       2194
         96       2333       2874
         97       2350       2886
         98       2279       2733
         99       2308       2769
        100       2230       2596
        101       2251       2616
        102       2267       2635
        103       2307       2694
        104       2294       2646
        105       2324       2684
        106       2321       2669
        107       2342       2686
        108       2356       2698
        109       2387       2738
        110       2384       2718
        111       2417       2765
        112       2541       2992
        113       2565       3015
        114       2534       2943
        115       2550       2955
        116       2543       2923
        117       2569       2952
        118       2589       2985
        119       2594       2973
        120       2656       3073
        121       2689       3116
        122       2667       3065
        123       2706       3115
        124       2725       3136
        125       2737       3141
        126       2746       3152
        127       2770       3174
        128       3643       4394
        129       3685       4451
        130       3496       4060
        131       3566       4174
        132       3435       3891
        133       3460       3914
        134       3468       3916
        135       3493       3939
        136       3478       3886
        137       3507       3914
        138       3489       3870
        139       3518       3899
        140       3532       3906
        141       3568       3951
        142       3565       3933
        143       3598       3971
        144       3738       4222
        145       3781       4281
        146       3730       4168
        147       3770       4220
        148       3751       4162
        149       3786       4202
        150       3776       4173
        151       3813       4220
        152       3877       4320
        153       3909       4358
        154       3904       4337
        155       3924       4350
        156       3934       4346
        157       3969       4387
        158       3980       4399
        159       3998       4412
        160       4501       5386
        161       4516       5388
        162       4394       5140
        163       4419       5160
        164       4306       4914
        165       4378       5026
        166       4342       4947
        167       4362       4958
        168       4380       4965
        169       4424       5030
        170       4407       4985
        171       4423       4989
        172       4439       5000
        173       4445       4985
        174       4435       4951
        175       4476       5009
        176       4676       5377
        177       4728       5453
        178       4664       5320
        179       4702       5364
        180       4683       5306
        181       4691       5294
        182       4694       5291
        183       4713       5303
        184       4784       5411
        185       4841       5496
        186       4792       5393
        187       4837       5456
        188       4842       5445
        189       4880       5492
        190       4867       5459
        191       4903       5502
        192       6065       7792
        193       6176       7987
        194       5842       7316
        195       5872       7345
        196       5646       6873
        197       5619       6791
        198       5610       6770
        199       5667       6855
        200       5520       6531
        201       5585       6629
        202       5527       6504
        203       5560       6546
        204       5539       6478
        205       5558       6487
        206       5580       6528
        207       5600       6544
        208       5725       6752
        209       5777       6828
        210       5681       6633
        211       5727       6696
        212       5705       6631
        213       5759       6712
        214       5715       6620
        215       5739       6638
        216       5826       6778
        217       5847       6794
        218       5816       6727
        219       5859       6786
        220       5870       6780
        221       5892       6795
        222       5896       6804
        223       5910       6798
        224       6479       7899
        225       6509       7930
        226       6298       7508
        227       6415       7712
        228       6276       7414
        229       6275       7385
        230       6269       7366
        231       6273       7347
        232       6301       7367
        233       6339       7415
        234       6301       7341
        235       6339       7387
        236       6326       7333
        237       6361       7375
        238       6363       7378
        239       6376       7378
        240       6636       7852
        241       6682       7913
        242       6559       7668
        243       6614       7754
        244       6592       7686
        245       6611       7699
        246       6569       7608
        247       6594       7634
        248       6722       7847
        249       6760       7896
        250       6723       7825
        251       6731       7807
        252       6792       7909
        253       6804       7902
        254       6785       7864
        255       6825       7917
        256       9238      11680
        257       9407      11988
        258       8918      11005
        259       8937      11013
        260       8522      10154
        261       8521      10118
        262       8456       9987
        263       8491      10021
        264       8306       9607
        265       8326       9619
        266       8258       9475
        267       8328       9588
        268       8269       9441
        269       8298       9465
        270       8309       9480
        271       8332       9492
        272       8459       9697
        273       8518       9785
        274       8394       9538
        275       8435       9587
        276       8375       9437
        277       8423       9503
        278       8419       9486
        279       8453       9525
        280       8527       9629
        281       8556       9652
        282       8511       9556
        283       8539       9587
        284       8587       9656
        285       8628       9703
        286       8604       9655
        287       8629       9670
        288       9287      10925
        289       9324      10968
        290       9147      10617
        291       9149      10589
        292       9004      10268
        293       9039      10308
        294       8982      10194
        295       9024      10246
        296       9077      10299
        297       9126      10372
        298       9023      10163
        299       9097      10275
        300       9067      10188
